0.06675214039424905 0.1
0.0715546022806248 0.08685113737513522
0.07635706365219383 0.07543120063354615
0.0794 0.06914673703523153
0.08186035293452167 0.0655128556859551
0.08857565874750672 0.05689866029018293
0.09529096314944915 0.04941713361323833
0.1 0.044860625332801225
0.10246720173072521 0.04291934260128778
0.11072532788337083 0.03727593720314938
0.1122 0.03640068992690888
0.1207798200530306 0.032374575428176434
0.1259 0.030287833202131777
0.12913076408546734 0.028117686979742304
0.13546812374921538 0.024420530945486497
0.1413 0.021465626870312362
0.14170723680137942 0.021209508879201904
0.14681287236254212 0.018420699693267165
0.15191850038762358 0.015998587196060572
0.157024123799133 0.013894954943731374
0.1585 0.013366817987331837
0.16301355923055733 0.012067926406393288
0.16936234276376452 0.010481131341546853
0.17571111419444174 0.009102981779915217
0.1778 0.008709162410751346
0.1839240428667665 0.0079060432109077
0.1930510650392867 0.006866488450042998
0.1995 0.006228544694490561
0.20438231632613868 0.005963623316594642
0.22102142561938834 0.005179474679231212
0.2239 0.005061653792500645
0.23677731739882735 0.004498432668969444
0.2512 0.003950564444962928
0.25254300831247734 0.003906939937054617
0.2707524301437701 0.00339322177189533
0.2818 0.0031225312864114983
0.2911745865060833 0.0029470517025518097
0.3150100414778547 0.002559547922699536
0.31620000000000004 0.002542745931854536
0.3347155895489782 0.0022229964825261957
0.3542040639825533 0.0019306977288832499
0.3548 0.0019229348300085236
0.3877241688466598 0.0016768329368110084
0.3981 0.0016094732113069534
0.43134272143756475 0.0014563484775012444
0.44670000000000004 0.0013949098352859948
0.46916084989169515 0.0012648552168552957
0.5012 0.001103729188485581
0.502741418099416 0.0010985411419875584
0.5521553245635749 0.0009540954763499942
0.5623 0.000928340186231927
0.5953566418279843 0.0008286427728546842
0.6026 0.0008096694657129645
0.631 0.0007234342333593962
0.6333706614400693 0.0007196856730011522
0.6457 0.000702753762387852
0.6607 0.0006977467686224751
0.6761 0.0006427290148860365
0.6918 0.0006483338945244866
0.6973441752789389 0.0006250551925273976
0.7079 0.0005865611844373744
0.7244 0.0005678542323255462
0.7390920835627095 0.0005428675439323859
0.7413 0.0005396063200772
0.7586 0.00053533442445277
0.7762 0.0005178314669213521
0.792491457578521 0.00047148663634573947
0.7943 0.0004670182817385863
0.8128 0.00046103057064182196
0.8318 0.00043819376978119313
0.8511 0.0004224030540017018
0.8622677039877296 0.00040949150623804275
0.871 0.0004007231855043068
0.8913 0.0003781925108646497
0.912 0.0003674470485268045
0.9274331093678216 0.0003556480306223128
0.9333 0.00035175248155897026
0.9549999999999998 0.0003341522174104769
0.9765430422824342 0.00030888435964774815
0.9772000000000001 0.0003082151297592964
1.0 0.0002937565410411929
1.0771684553494079 0.00026826957952797245
1.122 0.00025540941224671035
1.188604935978427 0.00023299518105153718
1.2589 0.0002124479617231083
1.3052517503474854 0.00020235896477251576
1.4125 0.0001820824612500751
1.4837123511764194 0.00017575106248547912
1.5849 0.0001679363578861876
1.6677389497691624 0.00017575106248547912
1.7783 0.00018776873140532373
1.7797121367051911 0.00020235896477251576
1.7822396894255539 0.00023299518105153718
1.7847074142295485 0.00026826957952797245
1.7871170141154684 0.00030888435964774815
1.7894700062197162 0.00035564803062231287
1.7917676996042307 0.0004094915062380428
1.7940111651006303 0.0004714866363457394
1.7962011953925472 0.0005428675439323859
1.7983382532711363 0.0006250551925273975
1.800422405890717 0.0007196856730011522
1.8024532430583227 0.0008286427728546841
1.804429778414698 0.0009540954763499944
1.8063503342916292 0.0010985411419875584
1.8082124147846061 0.0012648552168552957
1.8100125781009748 0.0014563484775012446
1.811746329428628 0.0016768329368110084
1.8134080693929184 0.0019306977288832496
1.814991147513915 0.0022229964825261957
1.8164880745785177 0.0025595479226995363
1.8178909197136657 0.00294705170255181
1.8191918236427629 0.00339322177189533
1.8203833856757026 0.003906939937054617
1.8214585192177295 0.004498432668969444
1.8224094853262658 0.005179474679231213
1.8232264279096233 0.005963623316594642
1.8238963945139397 0.006866488450042998
1.8244034318122702 0.0079060432109077
1.8247289170779808 0.009102981779915217
1.824850752986189 0.010481131341546853
1.8247413072583925 0.012067926406393288
1.8243648889024873 0.013894954943731374
1.8236742385738873 0.015998587196060572
1.822604247079123 0.018420699693267165
1.8210622346011114 0.021209508879201904
1.81891570313748 0.024420530945486497
1.815979008236052 0.028117686979742307
1.8119953759740608 0.032374575428176434
1.806598596981394 0.03727593720314939
1.7992339081788167 0.04291934260128778
1.7890009259081088 0.04941713361323833
1.7783000000000002 0.054959672240488956
1.7570128529190534 0.05689866029018293
1.6753331276343744 0.06551285568595511
1.607880531849955 0.07543120063354615
1.5849000000000002 0.07971845379905317
1.5393528926969962 0.08685113737513521
1.4735036405848154 0.1
